,entity,comtradeGoods,sovereignBond
0,AFG,1,0
1,ALA,0,0
2,ALB,1,0
3,DZA,1,0
4,ASM,0,0
5,AND,1,0
6,AGO,1,0
7,AIA,1,0
8,ATA,0,0
9,ATG,1,0
10,ARG,1,0
11,ARM,1,0
12,ABW,1,0
13,AUS,1,1
14,AUT,1,0
15,AZE,1,0
16,BHS,1,0
17,BHR,1,0
18,BGD,1,0
19,BRB,1,0
20,BLR,1,0
21,BEL,1,1
22,BLZ,1,0
23,BEN,1,0
24,BMU,1,0
25,BTN,1,0
26,BOL,1,0
27,BES,1,0
28,BIH,1,0
29,BWA,1,0
30,BVT,0,0
31,BRA,1,0
32,IOT,0,0
33,BRN,1,0
34,BGR,1,0
35,BFA,1,0
36,BDI,1,0
37,CPV,1,0
38,KHM,1,0
39,CMR,1,0
40,CAN,1,1
41,CYM,1,0
42,CAF,1,0
43,TCD,1,0
44,CHL,1,0
45,CHN,1,1
46,CXR,0,0
47,CCK,0,0
48,COL,1,0
49,COM,1,0
50,COG,1,0
51,COD,1,0
52,COK,0,0
53,CRI,1,0
54,CIV,1,0
55,HRV,1,0
56,CUB,1,0
57,CUW,0,0
58,CYP,1,0
59,CZE,1,0
60,DNK,1,1
61,DJI,1,0
62,DMA,1,0
63,DOM,1,0
64,ECU,1,0
65,EGY,1,0
66,SLV,1,0
67,GNQ,1,0
68,ERI,1,0
69,EST,1,0
70,SWZ,1,0
71,ETH,1,0
72,FLK,1,0
73,FRO,0,0
74,FJI,1,0
75,FIN,1,0
76,FRA,1,1
77,GUF,1,0
78,PYF,1,0
79,ATF,0,0
80,GAB,1,0
81,GMB,1,0
82,GEO,1,0
83,DEU,1,1
84,GHA,1,0
85,GIB,1,0
86,GRC,1,1
87,GRL,1,0
88,GRD,1,0
89,GLP,1,0
90,GUM,0,0
91,GTM,1,0
92,GGY,0,0
93,GIN,1,0
94,GNB,1,0
95,GUY,1,0
96,HTI,1,0
97,HMD,0,0
98,VAT,1,0
99,HND,1,0
100,HKG,1,1
101,HUN,1,1
102,ISL,1,0
103,IND,1,1
104,IDN,1,1
105,IRN,1,0
106,IRQ,1,0
107,IRL,1,1
108,IMN,0,0
109,ISR,1,0
110,ITA,1,1
111,JAM,1,0
112,JPN,1,1
113,JEY,0,0
114,JOR,1,0
115,KAZ,1,0
116,KEN,1,0
117,KIR,1,0
118,PRK,1,0
119,KOR,1,1
120,KWT,1,0
121,KGZ,1,0
122,LAO,1,0
123,LVA,1,0
124,LBN,1,0
125,LSO,1,0
126,LBR,1,0
127,LBY,1,0
128,LIE,0,0
129,LTU,1,0
130,LUX,1,0
131,MAC,1,0
132,MDG,1,0
133,MWI,1,0
134,MYS,1,1
135,MDV,1,0
136,MLI,1,0
137,MLT,1,0
138,MHL,1,0
139,MTQ,1,0
140,MRT,1,0
141,MUS,1,0
142,MYT,1,0
143,MEX,1,1
144,FSM,1,0
145,MDA,1,0
146,MCO,0,0
147,MNG,1,0
148,MNE,1,0
149,MSR,1,0
150,MAR,1,0
151,MOZ,1,0
152,MMR,1,0
153,NAM,1,0
154,NRU,0,0
155,NPL,1,0
156,NLD,1,1
157,NCL,1,0
158,NZL,1,1
159,NIC,1,0
160,NER,1,0
161,NGA,1,0
162,NIU,0,0
163,NFK,0,0
164,MKD,1,0
165,MNP,1,0
166,NOR,1,1
167,OMN,1,0
168,PAK,1,0
169,PLW,1,0
170,PSE,1,0
171,PAN,1,0
172,PNG,1,0
173,PRY,1,0
174,PER,1,0
175,PHL,1,1
176,PCN,0,0
177,POL,1,1
178,PRT,1,1
179,PRI,0,0
180,QAT,1,0
181,REU,1,0
182,ROU,1,0
183,RUS,1,0
184,RWA,1,0
185,BLM,1,0
186,SHN,1,0
187,KNA,1,0
188,LCA,1,0
189,MAF,0,0
190,SPM,1,0
191,VCT,1,0
192,WSM,1,0
193,SMR,1,0
194,STP,1,0
195,SAU,1,0
196,SEN,1,0
197,SRB,1,0
198,SYC,1,0
199,SLE,1,0
200,SGP,1,1
201,SXM,1,0
202,SVK,1,0
203,SVN,1,0
204,SLB,1,0
205,SOM,1,0
206,ZAF,1,1
207,SGS,0,0
208,SSD,1,0
209,ESP,1,1
210,LKA,1,0
211,SDN,1,0
212,SUR,1,0
213,SJM,0,0
214,SWE,1,1
215,CHE,1,0
216,SYR,0,0
217,TWN,0,1
218,TJK,1,0
219,TZA,1,0
220,THA,1,1
221,TLS,1,0
222,TGO,1,0
223,TKL,1,0
224,TON,1,0
225,TTO,1,0
226,TUN,1,0
227,TUR,1,0
228,TKM,1,0
229,TCA,1,0
230,TUV,1,0
231,UGA,1,0
232,UKR,1,0
233,ARE,1,0
234,GBR,1,1
235,USA,1,1
236,UMI,0,0
237,URY,1,0
238,UZB,1,0
239,VUT,1,0
240,VEN,1,0
241,VNM,1,0
242,VGB,1,0
243,VIR,1,0
244,WLF,1,0
245,ESH,0,0
246,YEM,1,0
247,ZMB,1,0
248,ZWE,1,0
249,WD,0,0
250,EU,0,0
251,EZ,0,0
